1.00000000e+00 8.04364478e-04
1.00462042e+00 8.11826207e-04
1.00926219e+00 8.19357263e-04
1.01392541e+00 8.26958293e-04
1.01861017e+00 8.34629948e-04
1.02331658e+00 8.42372889e-04
1.02804473e+00 8.50187778e-04
1.03279473e+00 8.58075286e-04
1.03756668e+00 8.66036091e-04
1.04236067e+00 8.74070876e-04
1.04717682e+00 8.82180351e-04
1.05201522e+00 8.90365152e-04
1.05687597e+00 8.98626042e-04
1.06175918e+00 9.06963711e-04
1.06666496e+00 9.15378873e-04
1.07159340e+00 9.23872255e-04
1.07654461e+00 9.32444580e-04
1.08151870e+00 9.41096590e-04
1.08651577e+00 9.49829027e-04
1.09153594e+00 9.58642641e-04
1.09657929e+00 9.67538189e-04
1.10164595e+00 9.76516436e-04
1.10673602e+00 9.85578153e-04
1.11184960e+00 9.94724121e-04
1.11698682e+00 1.00395512e-03
1.12214777e+00 1.01327196e-03
1.12733256e+00 1.02267542e-03
1.13254132e+00 1.03216632e-03
1.13777413e+00 1.04174548e-03
1.14303113e+00 1.05141372e-03
1.14831241e+00 1.06117187e-03
1.15361810e+00 1.07102077e-03
1.15894830e+00 1.08096127e-03
1.16430313e+00 1.09099422e-03
1.16968270e+00 1.10112050e-03
1.17508713e+00 1.11134096e-03
1.18051653e+00 1.12165648e-03
1.18597101e+00 1.13206797e-03
1.19145070e+00 1.14257631e-03
1.19695570e+00 1.15318240e-03
1.20248614e+00 1.16388718e-03
1.20804213e+00 1.17469154e-03
1.21362380e+00 1.18559643e-03
1.21923125e+00 1.19660278e-03
1.22486461e+00 1.20771156e-03
1.23052400e+00 1.21892369e-03
1.23620954e+00 1.23024016e-03
1.24192135e+00 1.24166194e-03
1.24765955e+00 1.25319002e-03
1.25342427e+00 1.26482540e-03
1.25921561e+00 1.27656906e-03
1.26503372e+00 1.28842204e-03
1.27087871e+00 1.30038535e-03
1.27675070e+00 1.31246001e-03
1.28264983e+00 1.32464719e-03
1.28857621e+00 1.33694760e-03
1.29452998e+00 1.34936265e-03
1.30051125e+00 1.36189328e-03
1.30652016e+00 1.37454058e-03
1.31255684e+00 1.38730628e-03
1.31862140e+00 1.40018957e-03
1.32471399e+00 1.41319348e-03
1.33083472e+00 1.42631849e-03
1.33698374e+00 1.43956602e-03
1.34316117e+00 1.45293636e-03
1.34936714e+00 1.46643152e-03
1.35560179e+00 1.48005237e-03
1.36186524e+00 1.49380012e-03
1.36815763e+00 1.50767592e-03
1.37447909e+00 1.52168100e-03
1.38082977e+00 1.53581656e-03
1.38720978e+00 1.55008382e-03
1.39361927e+00 1.56448401e-03
1.40005838e+00 1.57901839e-03
1.40652724e+00 1.59368821e-03
1.41302599e+00 1.60849474e-03
1.41955477e+00 1.62343926e-03
1.42611371e+00 1.63852307e-03
1.43270295e+00 1.65374747e-03
1.43932264e+00 1.66911379e-03
1.44597292e+00 1.68462334e-03
1.45265393e+00 1.70027749e-03
1.45936580e+00 1.71607758e-03
1.46610868e+00 1.73202498e-03
1.47288272e+00 1.74812108e-03
1.47968806e+00 1.76436728e-03
1.48652484e+00 1.78076497e-03
1.49339322e+00 1.79731559e-03
1.50029332e+00 1.81402057e-03
1.50722531e+00 1.83088135e-03
1.51418933e+00 1.84789942e-03
1.52118552e+00 1.86507623e-03
1.52821404e+00 1.88241328e-03
1.53527503e+00 1.89991208e-03
1.54236865e+00 1.91757416e-03
1.54949504e+00 1.93540103e-03
1.55665436e+00 1.95339426e-03
1.56384676e+00 1.97155540e-03
1.57107239e+00 1.98988604e-03
1.57833141e+00 2.00838777e-03
1.58562396e+00 2.02706219e-03
1.59295021e+00 2.04591094e-03
1.60031031e+00 2.06493565e-03
1.60770442e+00 2.08413799e-03
1.61513269e+00 2.10351961e-03
1.62259529e+00 2.12308222e-03
1.63009236e+00 2.14282750e-03
1.63762407e+00 2.16275719e-03
1.64519059e+00 2.18287301e-03
1.65279206e+00 2.20317673e-03
1.66042866e+00 2.22367011e-03
1.66810054e+00 2.24435496e-03
1.67580786e+00 2.26523303e-03
1.68355080e+00 2.28630619e-03
1.69132952e+00 2.30757626e-03
1.69914417e+00 2.32904511e-03
1.70699493e+00 2.35071459e-03
1.71488197e+00 2.37258662e-03
1.72280545e+00 2.39466309e-03
1.73076553e+00 2.41694593e-03
1.73876240e+00 2.43943711e-03
1.74679622e+00 2.46213857e-03
1.75486715e+00 2.48505235e-03
1.76297538e+00 2.50818032e-03
1.77112106e+00 2.53152464e-03
1.77930439e+00 2.55508730e-03
1.78752553e+00 2.57887037e-03
1.79578465e+00 2.60287594e-03
1.80408193e+00 2.62710608e-03
1.81241755e+00 2.65156295e-03
1.82079168e+00 2.67624867e-03
1.82920450e+00 2.70116542e-03
1.83765620e+00 2.72631536e-03
1.84614695e+00 2.75170071e-03
1.85467692e+00 2.77732373e-03
1.86324631e+00 2.80318662e-03
1.87185529e+00 2.82929168e-03
1.88050406e+00 2.85564117e-03
1.88919278e+00 2.88223744e-03
1.89792164e+00 2.90908281e-03
1.90669084e+00 2.93617964e-03
1.91550056e+00 2.96353031e-03
1.92435098e+00 2.99113724e-03
1.93324229e+00 3.01900284e-03
1.94217468e+00 3.04712957e-03
1.95114835e+00 3.07551991e-03
1.96016347e+00 3.10417635e-03
1.96922026e+00 3.13310143e-03
1.97831888e+00 3.16229769e-03
1.98745955e+00 3.19176770e-03
1.99664245e+00 3.22151407e-03
2.00586778e+00 3.25153941e-03
2.01513573e+00 3.28184638e-03
2.02444651e+00 3.31243765e-03
2.03380031e+00 3.34331592e-03
2.04319732e+00 3.37448392e-03
2.05263775e+00 3.40594441e-03
2.06212180e+00 3.43770017e-03
2.07164968e+00 3.46975400e-03
2.08122157e+00 3.50210875e-03
2.09083769e+00 3.53476726e-03
2.10049824e+00 3.56773244e-03
2.11020343e+00 3.60100721e-03
2.11995346e+00 3.63459451e-03
2.12974854e+00 3.66849733e-03
2.13958887e+00 3.70271866e-03
2.14947467e+00 3.73726154e-03
2.15940615e+00 3.77212905e-03
2.16938352e+00 3.80732426e-03
2.17940698e+00 3.84285032e-03
2.18947676e+00 3.87871038e-03
2.19959307e+00 3.91490762e-03
2.20975611e+00 3.95144526e-03
2.21996612e+00 3.98832656e-03
2.23022330e+00 4.02555480e-03
2.24052787e+00 4.06313329e-03
2.25088005e+00 4.10106538e-03
2.26128007e+00 4.13935446e-03
2.27172813e+00 4.17800392e-03
2.28222447e+00 4.21701724e-03
2.29276931e+00 4.25639787e-03
2.30336287e+00 4.29614935e-03
2.31400538e+00 4.33627522e-03
2.32469706e+00 4.37677907e-03
2.33543814e+00 4.41766452e-03
2.34622885e+00 4.45893523e-03
2.35706941e+00 4.50059489e-03
2.36796007e+00 4.54264723e-03
2.37890104e+00 4.58509603e-03
2.38989257e+00 4.62794507e-03
2.40093488e+00 4.67119822e-03
2.41202821e+00 4.71485934e-03
2.42317279e+00 4.75893237e-03
2.43436887e+00 4.80342125e-03
2.44561668e+00 4.84832998e-03
2.45691646e+00 4.89366261e-03
2.46826845e+00 4.93942321e-03
2.47967289e+00 4.98561590e-03
2.49113003e+00 5.03224484e-03
2.50264010e+00 5.07931423e-03
2.51420335e+00 5.12682832e-03
2.52582003e+00 5.17479139e-03
2.53749038e+00 5.22320777e-03
2.54921465e+00 5.27208184e-03
2.56099310e+00 5.32141801e-03
2.57282597e+00 5.37122074e-03
2.58471351e+00 5.42149454e-03
2.59665597e+00 5.47224395e-03
2.60865362e+00 5.52347359e-03
2.62070670e+00 5.57518810e-03
2.63281547e+00 5.62739213e-03
2.64498018e+00 5.68009046e-03
2.65720111e+00 5.73328787e-03
2.66947849e+00 5.78698918e-03
2.68181261e+00 5.84119928e-03
2.69420371e+00 5.89592310e-03
2.70665207e+00 5.95116563e-03
2.71915794e+00 6.00693189e-03
2.73172160e+00 6.06322697e-03
2.74434330e+00 6.12005600e-03
2.75702333e+00 6.17742418e-03
2.76976194e+00 6.23533675e-03
2.78255940e+00 6.29379899e-03
2.79541600e+00 6.35281625e-03
2.80833200e+00 6.41239394e-03
2.82130768e+00 6.47253752e-03
2.83434331e+00 6.53325250e-03
2.84743917e+00 6.59454444e-03
2.86059554e+00 6.65641898e-03
2.87381269e+00 6.71888180e-03
2.88709092e+00 6.78193864e-03
2.90043049e+00 6.84559531e-03
2.91383170e+00 6.90985766e-03
2.92729484e+00 6.97473162e-03
2.94082017e+00 7.04022317e-03
2.95440800e+00 7.10633836e-03
2.96805861e+00 7.17308329e-03
2.98177229e+00 7.24046414e-03
2.99554933e+00 7.30848713e-03
3.00939003e+00 7.37715857e-03
3.02329468e+00 7.44648482e-03
3.03726358e+00 7.51647231e-03
3.05129702e+00 7.58712754e-03
3.06539530e+00 7.65845707e-03
3.07955871e+00 7.73046753e-03
3.09378757e+00 7.80316563e-03
3.10808217e+00 7.87655814e-03
3.12244282e+00 7.95065191e-03
3.13686982e+00 8.02545383e-03
3.15136348e+00 8.10097092e-03
3.16592411e+00 8.17721021e-03
3.18055202e+00 8.25417886e-03
3.19524751e+00 8.33188406e-03
3.21001090e+00 8.41033310e-03
3.22484250e+00 8.48953334e-03
3.23974263e+00 8.56949223e-03
3.25471161e+00 8.65021728e-03
3.26974974e+00 8.73171609e-03
3.28485737e+00 8.81399634e-03
3.30003479e+00 8.89706578e-03
3.31528234e+00 8.98093226e-03
3.33060034e+00 9.06560371e-03
3.34598912e+00 9.15108813e-03
3.36144900e+00 9.23739362e-03
3.37698031e+00 9.32452836e-03
3.39258338e+00 9.41250062e-03
3.40825855e+00 9.50131876e-03
3.42400614e+00 9.59099122e-03
3.43982649e+00 9.68152654e-03
3.45571994e+00 9.77293335e-03
3.47168682e+00 9.86522038e-03
3.48772747e+00 9.95839644e-03
3.50384225e+00 1.00524704e-02
3.52003147e+00 1.01474514e-02
3.53629550e+00 1.02433484e-02
3.55263468e+00 1.03401707e-02
3.56904935e+00 1.04379275e-02
3.58553986e+00 1.05366283e-02
3.60210656e+00 1.06362825e-02
3.61874981e+00 1.07368999e-02
3.63546996e+00 1.08384901e-02
3.65226736e+00 1.09410629e-02
3.66914238e+00 1.10446282e-02
3.68609536e+00 1.11491962e-02
3.70312668e+00 1.12547769e-02
3.72023668e+00 1.13613806e-02
3.73742574e+00 1.14690177e-02
3.75469422e+00 1.15776986e-02
3.77204249e+00 1.16874341e-02
3.78947092e+00 1.17982348e-02
3.80697987e+00 1.19101115e-02
3.82456972e+00 1.20230752e-02
3.84224085e+00 1.21371370e-02
3.85999362e+00 1.22523081e-02
3.87782841e+00 1.23685999e-02
3.89574562e+00 1.24860238e-02
3.91374560e+00 1.26045914e-02
3.93182876e+00 1.27243144e-02
3.94999546e+00 1.28452046e-02
3.96824610e+00 1.29672741e-02
3.98658107e+00 1.30905351e-02
4.00500076e+00 1.32149996e-02
4.02350555e+00 1.33406802e-02
4.04209584e+00 1.34675894e-02
4.06077203e+00 1.35957399e-02
4.07953450e+00 1.37251444e-02
4.09838367e+00 1.38558161e-02
4.11731993e+00 1.39877679e-02
4.13634368e+00 1.41210133e-02
4.15545533e+00 1.42555655e-02
4.17465529e+00 1.43914382e-02
4.19394396e+00 1.45286452e-02
4.21332174e+00 1.46672003e-02
4.23278907e+00 1.48071176e-02
4.25234633e+00 1.49484114e-02
4.27199397e+00 1.50910959e-02
4.29173238e+00 1.52351859e-02
4.31156199e+00 1.53806960e-02
4.33148322e+00 1.55276411e-02
4.35149650e+00 1.56760363e-02
4.37160225e+00 1.58258969e-02
4.39180089e+00 1.59772383e-02
4.41209286e+00 1.61300761e-02
4.43247859e+00 1.62844262e-02
4.45295851e+00 1.64403046e-02
4.47353305e+00 1.65977274e-02
4.49420266e+00 1.67567110e-02
4.51496777e+00 1.69172720e-02
4.53582883e+00 1.70794272e-02
4.55678627e+00 1.72431936e-02
4.57784054e+00 1.74085884e-02
4.59899209e+00 1.75756289e-02
4.62024137e+00 1.77443328e-02
4.64158883e+00 1.79147180e-02
4.66303493e+00 1.80868024e-02
4.68458012e+00 1.82606043e-02
4.70622485e+00 1.84361422e-02
4.72796959e+00 1.86134350e-02
4.74981480e+00 1.87925014e-02
4.77176095e+00 1.89733607e-02
4.79380850e+00 1.91560323e-02
4.81595791e+00 1.93405360e-02
4.83820966e+00 1.95268915e-02
4.86056423e+00 1.97151192e-02
4.88302209e+00 1.99052394e-02
4.90558371e+00 2.00972728e-02
4.92824957e+00 2.02912403e-02
4.95102016e+00 2.04871632e-02
4.97389596e+00 2.06850630e-02
4.99687745e+00 2.08849614e-02
5.01996513e+00 2.10868805e-02
5.04315949e+00 2.12908426e-02
5.06646101e+00 2.14968702e-02
5.08987019e+00 2.17049864e-02
5.11338754e+00 2.19152143e-02
5.13701354e+00 2.21275775e-02
5.16074871e+00 2.23420998e-02
5.18459354e+00 2.25588053e-02
5.20854855e+00 2.27777184e-02
5.23261424e+00 2.29988640e-02
5.25679112e+00 2.32222672e-02
5.28107971e+00 2.34479534e-02
5.30548053e+00 2.36759485e-02
5.32999408e+00 2.39062785e-02
5.35462090e+00 2.41389700e-02
5.37936150e+00 2.43740498e-02
5.40421642e+00 2.46115451e-02
5.42918618e+00 2.48514837e-02
5.45427131e+00 2.50938933e-02
5.47947234e+00 2.53388024e-02
5.50478981e+00 2.55862399e-02
5.53022426e+00 2.58362347e-02
5.55577622e+00 2.60888165e-02
5.58144625e+00 2.63440154e-02
5.60723488e+00 2.66018616e-02
5.63314267e+00 2.68623861e-02
5.65917016e+00 2.71256201e-02
5.68531791e+00 2.73915955e-02
5.71158648e+00 2.76603443e-02
5.73797641e+00 2.79318992e-02
5.76448828e+00 2.82062934e-02
5.79112265e+00 2.84835605e-02
5.81788007e+00 2.87637346e-02
5.84476113e+00 2.90468504e-02
5.87176639e+00 2.93329430e-02
5.89889643e+00 2.96220479e-02
5.92615181e+00 2.99142016e-02
5.95353313e+00 3.02094406e-02
5.98104096e+00 3.05078023e-02
6.00867589e+00 3.08093246e-02
6.03643851e+00 3.11140459e-02
6.06432940e+00 3.14220053e-02
6.09234915e+00 3.17332424e-02
6.12049837e+00 3.20477976e-02
6.14877765e+00 3.23657116e-02
6.17718760e+00 3.26870262e-02
6.20572881e+00 3.30117835e-02
6.23440189e+00 3.33400265e-02
6.26320745e+00 3.36717987e-02
6.29214611e+00 3.40071444e-02
6.32121848e+00 3.43461087e-02
6.35042517e+00 3.46887374e-02
6.37976681e+00 3.50350770e-02
6.40924402e+00 3.53851748e-02
6.43885743e+00 3.57390789e-02
6.46860766e+00 3.60968384e-02
6.49849535e+00 3.64585029e-02
6.52852114e+00 3.68241231e-02
6.55868566e+00 3.71937505e-02
6.58898955e+00 3.75674375e-02
6.61943346e+00 3.79452376e-02
6.65001803e+00 3.83272049e-02
6.68074392e+00 3.87133949e-02
6.71161177e+00 3.91038637e-02
6.74262224e+00 3.94986688e-02
6.77377600e+00 3.98978685e-02
6.80507370e+00 4.03015222e-02
6.83651600e+00 4.07096907e-02
6.86810359e+00 4.11224357e-02
6.89983712e+00 4.15398201e-02
6.93171728e+00 4.19619082e-02
6.96374473e+00 4.23887653e-02
6.99592017e+00 4.28204583e-02
7.02824426e+00 4.32570553e-02
7.06071771e+00 4.36986257e-02
7.09334120e+00 4.41452405e-02
7.12611543e+00 4.45969721e-02
7.15904109e+00 4.50538944e-02
7.19211887e+00 4.55160830e-02
7.22534949e+00 4.59836150e-02
7.25873365e+00 4.64565692e-02
7.29227206e+00 4.69350263e-02
7.32596543e+00 4.74190685e-02
7.35981448e+00 4.79087801e-02
7.39381992e+00 4.84042473e-02
7.42798248e+00 4.89055583e-02
7.46230289e+00 4.94128033e-02
7.49678187e+00 4.99260746e-02
7.53142017e+00 5.04454670e-02
7.56621850e+00 5.09710773e-02
7.60117762e+00 5.15030048e-02
7.63629826e+00 5.20413512e-02
7.67158118e+00 5.25862208e-02
7.70702711e+00 5.31377206e-02
7.74263683e+00 5.36959602e-02
7.77841107e+00 5.42610520e-02
7.81435061e+00 5.48331117e-02
7.85045620e+00 5.54122575e-02
7.88672862e+00 5.59986111e-02
7.92316862e+00 5.65922974e-02
7.95977700e+00 5.71934444e-02
7.99655453e+00 5.78021838e-02
8.03350198e+00 5.84186508e-02
8.07062014e+00 5.90429842e-02
8.10790981e+00 5.96753267e-02
8.14537177e+00 6.03158249e-02
8.18300682e+00 6.09646293e-02
8.22081576e+00 6.16218945e-02
8.25879939e+00 6.22877796e-02
8.29695852e+00 6.29624478e-02
8.33529397e+00 6.36460668e-02
8.37380654e+00 6.43388088e-02
8.41249705e+00 6.50408509e-02
8.45136633e+00 6.57523747e-02
8.49041520e+00 6.64735668e-02
8.52964450e+00 6.72046185e-02
8.56905505e+00 6.79457265e-02
8.60864770e+00 6.86970923e-02
8.64842328e+00 6.94589225e-02
8.68838264e+00 7.02314292e-02
8.72852662e+00 7.10148294e-02
8.76885609e+00 7.18093455e-02
8.80937190e+00 7.26152054e-02
8.85007491e+00 7.34326419e-02
8.89096599e+00 7.42618935e-02
8.93204600e+00 7.51032035e-02
8.97331581e+00 7.59568209e-02
9.01477631e+00 7.68229995e-02
9.05642838e+00 7.77019984e-02
9.09827289e+00 7.85940814e-02
9.14031075e+00 7.94995174e-02
9.18254284e+00 8.04185800e-02
9.22497005e+00 8.13515472e-02
9.26759330e+00 8.22987014e-02
9.31041349e+00 8.32603291e-02
9.35343152e+00 8.42367208e-02
9.39664831e+00 8.52281704e-02
9.44006479e+00 8.62349753e-02
9.48368187e+00 8.72574359e-02
9.52750047e+00 8.82958550e-02
9.57152154e+00 8.93505379e-02
9.61574600e+00 9.04217917e-02
9.66017480e+00 9.15099247e-02
9.70480888e+00 9.26152462e-02
9.74964918e+00 9.37380661e-02
9.79469667e+00 9.48786938e-02
9.83995230e+00 9.60374384e-02
9.88541702e+00 9.72146075e-02
9.93109181e+00 9.84105069e-02
9.97697764e+00 9.96254396e-02
1.00230755e+01 1.00859706e-01
1.00693863e+01 1.02113601e-01
1.01159111e+01 1.03387418e-01
1.01626509e+01 1.04681441e-01
1.02096066e+01 1.05995950e-01
1.02567793e+01 1.07331219e-01
1.03041699e+01 1.08687513e-01
1.03517796e+01 1.10065086e-01
1.03996091e+01 1.11464188e-01
1.04476597e+01 1.12885054e-01
1.04959323e+01 1.14327909e-01
1.05444279e+01 1.15792966e-01
1.05931476e+01 1.17280427e-01
1.06420924e+01 1.18790477e-01
1.06912634e+01 1.20323288e-01
1.07406615e+01 1.21879016e-01
1.07902879e+01 1.23457800e-01
1.08401436e+01 1.25059762e-01
1.08902296e+01 1.26685006e-01
1.09405471e+01 1.28333615e-01
1.09910970e+01 1.30005655e-01
1.10418805e+01 1.31701169e-01
1.10928986e+01 1.33420179e-01
1.11441525e+01 1.35162683e-01
1.11956432e+01 1.36928658e-01
1.12473718e+01 1.38718056e-01
1.12993394e+01 1.40530804e-01
1.13515471e+01 1.42366804e-01
1.14039960e+01 1.44225933e-01
1.14566873e+01 1.46108039e-01
1.15096220e+01 1.48012944e-01
1.15628013e+01 1.49940444e-01
1.16162263e+01 1.51890305e-01
1.16698982e+01 1.53862265e-01
1.17238180e+01 1.55856033e-01
1.17779870e+01 1.57871288e-01
1.18324063e+01 1.59907682e-01
1.18870770e+01 1.61964834e-01
1.19420003e+01 1.64042336e-01
1.19971774e+01 1.66139749e-01
1.20526094e+01 1.68256604e-01
1.21082975e+01 1.70392402e-01
1.21642429e+01 1.72546615e-01
1.22204469e+01 1.74718683e-01
1.22769105e+01 1.76908020e-01
1.23336350e+01 1.79114008e-01
1.23906216e+01 1.81336002e-01
1.24478715e+01 1.83573326e-01
1.25053859e+01 1.85825280e-01
1.25631660e+01 1.88091132e-01
1.26212131e+01 1.90370126e-01
1.26795285e+01 1.92661479e-01
1.27381132e+01 1.94964381e-01
1.27969687e+01 1.97278000e-01
1.28560961e+01 1.99601477e-01
1.29154967e+01 2.01933930e-01
1.29751717e+01 2.04274457e-01
1.30351224e+01 2.06622132e-01
1.30953502e+01 2.08976009e-01
1.31558562e+01 2.11335124e-01
1.32166418e+01 2.13698491e-01
1.32777083e+01 2.16065111e-01
1.33390569e+01 2.18433966e-01
1.34006890e+01 2.20804024e-01
1.34626058e+01 2.23174239e-01
1.35248087e+01 2.25543552e-01
1.35872990e+01 2.27910892e-01
1.36500781e+01 2.30275180e-01
1.37131472e+01 2.32635326e-01
1.37765077e+01 2.34990234e-01
1.38401610e+01 2.37338801e-01
1.39041083e+01 2.39679918e-01
1.39683512e+01 2.42012475e-01
1.40328908e+01 2.44335359e-01
1.40977287e+01 2.46647453e-01
1.41628662e+01 2.48947646e-01
1.42283046e+01 2.51234823e-01
1.42940453e+01 2.53507877e-01
1.43600898e+01 2.55765702e-01
1.44264395e+01 2.58007200e-01
1.44930957e+01 2.60231277e-01
1.45600600e+01 2.62436852e-01
1.46273336e+01 2.64622848e-01
1.46949180e+01 2.66788204e-01
1.47628147e+01 2.68931867e-01
1.48310251e+01 2.71052798e-01
1.48995507e+01 2.73149974e-01
1.49683929e+01 2.75222386e-01
1.50375532e+01 2.77269041e-01
1.51070330e+01 2.79288964e-01
1.51768339e+01 2.81281200e-01
1.52469573e+01 2.83244811e-01
1.53174046e+01 2.85178881e-01
1.53881775e+01 2.87082514e-01
1.54592774e+01 2.88954838e-01
1.55307057e+01 2.90795003e-01
1.56024641e+01 2.92602183e-01
1.56745541e+01 2.94375576e-01
1.57469771e+01 2.96114405e-01
1.58197348e+01 2.97817920e-01
1.58928287e+01 2.99485396e-01
1.59662602e+01 3.01116136e-01
1.60400311e+01 3.02709471e-01
1.61141428e+01 3.04264758e-01
1.61885969e+01 3.05781383e-01
1.62633950e+01 3.07258762e-01
1.63385388e+01 3.08696339e-01
1.64140297e+01 3.10093587e-01
1.64898694e+01 3.11450009e-01
1.65660596e+01 3.12765138e-01
1.66426018e+01 3.14038536e-01
1.67194976e+01 3.15269796e-01
1.67967487e+01 3.16458540e-01
1.68743568e+01 3.17604420e-01
1.69523234e+01 3.18707120e-01
1.70306503e+01 3.19766351e-01
1.71093391e+01 3.20781856e-01
1.71883914e+01 3.21753408e-01
1.72678090e+01 3.22680807e-01
1.73475936e+01 3.23563886e-01
1.74277468e+01 3.24402503e-01
1.75082703e+01 3.25196549e-01
1.75891659e+01 3.25945941e-01
1.76704353e+01 3.26650623e-01
1.77520801e+01 3.27310571e-01
1.78341022e+01 3.27925785e-01
1.79165033e+01 3.28496293e-01
1.79992851e+01 3.29022150e-01
1.80824493e+01 3.29503437e-01
1.81659979e+01 3.29940260e-01
1.82499324e+01 3.30332750e-01
1.83342548e+01 3.30681065e-01
1.84189668e+01 3.30985384e-01
1.85040702e+01 3.31245911e-01
1.85895668e+01 3.31462873e-01
1.86754584e+01 3.31636519e-01
1.87617469e+01 3.31767120e-01
1.88484341e+01 3.31854967e-01
1.89355218e+01 3.31900374e-01
1.90230119e+01 3.31903671e-01
1.91109062e+01 3.31865212e-01
1.91992067e+01 3.31785365e-01
1.92879151e+01 3.31664519e-01
1.93770334e+01 3.31503079e-01
1.94665634e+01 3.31301467e-01
1.95565072e+01 3.31060120e-01
1.96468665e+01 3.30779492e-01
1.97376433e+01 3.30460049e-01
1.98288395e+01 3.30102274e-01
1.99204571e+01 3.29706661e-01
2.00124980e+01 3.29273717e-01
2.01049642e+01 3.28803962e-01
2.01978576e+01 3.28297926e-01
2.02911802e+01 3.27756150e-01
2.03849340e+01 3.27179185e-01
2.04791210e+01 3.26567592e-01
2.05737431e+01 3.25921939e-01
2.06688025e+01 3.25242805e-01
2.07643011e+01 3.24530774e-01
2.08602409e+01 3.23786437e-01
2.09566240e+01 3.23010393e-01
2.10534524e+01 3.22203244e-01
2.11507282e+01 3.21365600e-01
2.12484535e+01 3.20498073e-01
2.13466303e+01 3.19601282e-01
2.14452608e+01 3.18675846e-01
2.15443469e+01 3.17722389e-01
2.16438909e+01 3.16741538e-01
2.17438948e+01 3.15733919e-01
2.18443607e+01 3.14700163e-01
2.19452909e+01 3.13640899e-01
2.20466874e+01 3.12556758e-01
2.21485523e+01 3.11448370e-01
2.22508880e+01 3.10316366e-01
2.23536965e+01 3.09161375e-01
2.24569800e+01 3.07984025e-01
2.25607407e+01 3.06784942e-01
2.26649808e+01 3.05564750e-01
2.27697026e+01 3.04324071e-01
2.28749082e+01 3.03063525e-01
2.29805999e+01 3.01783725e-01
2.30867799e+01 3.00485286e-01
2.31934506e+01 2.99168814e-01
2.33006141e+01 2.97834915e-01
2.34082728e+01 2.96484188e-01
2.35164288e+01 2.95117228e-01
2.36250847e+01 2.93734626e-01
2.37342425e+01 2.92336966e-01
2.38439047e+01 2.90924827e-01
2.39540736e+01 2.89498783e-01
2.40647515e+01 2.88059402e-01
2.41759408e+01 2.86607246e-01
2.42876438e+01 2.85142869e-01
2.43998630e+01 2.83666821e-01
2.45126006e+01 2.82179642e-01
2.46258592e+01 2.80681870e-01
2.47396410e+01 2.79174030e-01
2.48539486e+01 2.77656646e-01
2.49687843e+01 2.76130229e-01
2.50841506e+01 2.74595287e-01
2.52000499e+01 2.73052319e-01
2.53164848e+01 2.71501814e-01
2.54334576e+01 2.69944258e-01
2.55509709e+01 2.68380126e-01
2.56690272e+01 2.66809885e-01
2.57876289e+01 2.65233995e-01
2.59067786e+01 2.63652909e-01
2.60264788e+01 2.62067070e-01
2.61467321e+01 2.60476914e-01
2.62675410e+01 2.58882869e-01
2.63889081e+01 2.57285355e-01
2.65108360e+01 2.55684783e-01
2.66333273e+01 2.54081557e-01
2.67563844e+01 2.52476072e-01
2.68800102e+01 2.50868715e-01
2.70042072e+01 2.49259866e-01
2.71289780e+01 2.47649894e-01
2.72543253e+01 2.46039164e-01
2.73802518e+01 2.44428029e-01
2.75067601e+01 2.42816836e-01
2.76338529e+01 2.41205925e-01
2.77615329e+01 2.39595626e-01
2.78898029e+01 2.37986262e-01
2.80186656e+01 2.36378148e-01
2.81481236e+01 2.34771591e-01
2.82781798e+01 2.33166891e-01
2.84088369e+01 2.31564339e-01
2.85400977e+01 2.29964220e-01
2.86719650e+01 2.28366810e-01
2.88044415e+01 2.26772379e-01
2.89375302e+01 2.25181189e-01
2.90712338e+01 2.23593493e-01
2.92055551e+01 2.22009539e-01
2.93404971e+01 2.20429567e-01
2.94760626e+01 2.18853811e-01
2.96122544e+01 2.17282495e-01
2.97490755e+01 2.15715840e-01
2.98865287e+01 2.14154057e-01
3.00246171e+01 2.12597353e-01
3.01633435e+01 2.11045925e-01
3.03027108e+01 2.09499968e-01
3.04427221e+01 2.07959665e-01
3.05833803e+01 2.06425198e-01
3.07246884e+01 2.04896740e-01
3.08666494e+01 2.03374458e-01
3.10092664e+01 2.01858513e-01
3.11525422e+01 2.00349061e-01
3.12964801e+01 1.98846251e-01
3.14410830e+01 1.97350226e-01
3.15863541e+01 1.95861126e-01
3.17322963e+01 1.94379082e-01
3.18789129e+01 1.92904223e-01
3.20262069e+01 1.91436668e-01
3.21741815e+01 1.89976537e-01
3.23228398e+01 1.88523938e-01
3.24721849e+01 1.87078980e-01
3.26222201e+01 1.85641764e-01
3.27729485e+01 1.84212386e-01
3.29243733e+01 1.82790938e-01
3.30764978e+01 1.81377508e-01
3.32293252e+01 1.79972179e-01
3.33828586e+01 1.78575029e-01
3.35371015e+01 1.77186131e-01
3.36920571e+01 1.75805556e-01
3.38477286e+01 1.74433370e-01
3.40041193e+01 1.73069633e-01
3.41612327e+01 1.71714405e-01
3.43190720e+01 1.70367738e-01
3.44776405e+01 1.69029682e-01
3.46369418e+01 1.67700284e-01
3.47969790e+01 1.66379587e-01
3.49577557e+01 1.65067630e-01
3.51192753e+01 1.63764448e-01
3.52815412e+01 1.62470075e-01
3.54445567e+01 1.61184540e-01
3.56083255e+01 1.59907868e-01
3.57728510e+01 1.58640084e-01
3.59381366e+01 1.57381206e-01
3.61041860e+01 1.56131252e-01
3.62710025e+01 1.54890237e-01
3.64385898e+01 1.53658172e-01
3.66069515e+01 1.52435066e-01
3.67760910e+01 1.51220925e-01
3.69460121e+01 1.50015753e-01
3.71167182e+01 1.48819553e-01
3.72882131e+01 1.47632321e-01
3.74605003e+01 1.46454057e-01
3.76335836e+01 1.45284753e-01
3.78074666e+01 1.44124402e-01
3.79821531e+01 1.42972994e-01
3.81576466e+01 1.41830518e-01
3.83339510e+01 1.40696960e-01
3.85110700e+01 1.39572305e-01
3.86890074e+01 1.38456534e-01
3.88677669e+01 1.37349628e-01
3.90473524e+01 1.36251567e-01
3.92277676e+01 1.35162327e-01
3.94090164e+01 1.34081886e-01
3.95911027e+01 1.33010216e-01
3.97740302e+01 1.31947290e-01
3.99578030e+01 1.30893081e-01
4.01424249e+01 1.29847558e-01
4.03278998e+01 1.28810689e-01
4.05142317e+01 1.27782441e-01
4.07014245e+01 1.26762782e-01
4.08894823e+01 1.25751676e-01
4.10784089e+01 1.24749086e-01
4.12682085e+01 1.23754976e-01
4.14588850e+01 1.22769307e-01
4.16504425e+01 1.21792040e-01
4.18428851e+01 1.20823135e-01
4.20362168e+01 1.19862550e-01
4.22304419e+01 1.18910244e-01
4.24255643e+01 1.17966173e-01
4.26215883e+01 1.17030295e-01
4.28185180e+01 1.16102564e-01
4.30163576e+01 1.15182936e-01
4.32151113e+01 1.14271365e-01
4.34147833e+01 1.13367804e-01
4.36153779e+01 1.12472207e-01
4.38168993e+01 1.11584526e-01
4.40193519e+01 1.10704712e-01
4.42227398e+01 1.09832718e-01
4.44270675e+01 1.08968494e-01
4.46323393e+01 1.08111991e-01
4.48385595e+01 1.07263159e-01
4.50457325e+01 1.06421947e-01
4.52538628e+01 1.05588304e-01
4.54629547e+01 1.04762181e-01
4.56730127e+01 1.03943524e-01
4.58840413e+01 1.03132284e-01
4.60960449e+01 1.02328408e-01
4.63090280e+01 1.01531843e-01
4.65229952e+01 1.00742538e-01
4.67379511e+01 9.99604398e-02
4.69539001e+01 9.91854961e-02
4.71708469e+01 9.84176540e-02
4.73887961e+01 9.76568605e-02
4.76077523e+01 9.69030626e-02
4.78277202e+01 9.61562073e-02
4.80487044e+01 9.54162412e-02
4.82707097e+01 9.46831113e-02
4.84937407e+01 9.39567641e-02
4.87178022e+01 9.32371465e-02
4.89428990e+01 9.25242051e-02
4.91690358e+01 9.18178867e-02
4.93962174e+01 9.11181381e-02
4.96244488e+01 9.04249060e-02
4.98537346e+01 8.97381374e-02
5.00840799e+01 8.90577792e-02
5.03154895e+01 8.83837784e-02
5.05479682e+01 8.77160822e-02
5.07815211e+01 8.70546379e-02
5.10161531e+01 8.63993927e-02
5.12518693e+01 8.57502942e-02
5.14886745e+01 8.51072902e-02
5.17265739e+01 8.44703283e-02
5.19655724e+01 8.38393565e-02
5.22056753e+01 8.32143231e-02
5.24468875e+01 8.25951763e-02
5.26892142e+01 8.19818646e-02
5.29326606e+01 8.13743370e-02
5.31772318e+01 8.07725421e-02
5.34229330e+01 8.01764293e-02
5.36697695e+01 7.95859479e-02
5.39177464e+01 7.90010476e-02
5.41668691e+01 7.84216781e-02
5.44171429e+01 7.78477897e-02
5.46685730e+01 7.72793326e-02
5.49211648e+01 7.67162576e-02
5.51749238e+01 7.61585154e-02
5.54298552e+01 7.56060572e-02
5.56859644e+01 7.50588344e-02
5.59432571e+01 7.45167989e-02
5.62017385e+01 7.39799024e-02
5.64614142e+01 7.34480974e-02
5.67222897e+01 7.29213364e-02
5.69843706e+01 7.23995722e-02
5.72476624e+01 7.18827580e-02
5.75121707e+01 7.13708472e-02
5.77779012e+01 7.08637937e-02
5.80448594e+01 7.03615515e-02
5.83130511e+01 6.98640749e-02
5.85824820e+01 6.93713188e-02
5.88531578e+01 6.88832380e-02
5.91250841e+01 6.83997880e-02
5.93982669e+01 6.79209243e-02
5.96727120e+01 6.74466030e-02
5.99484250e+01 6.69767803e-02
6.02254120e+01 6.65114129e-02
6.05036788e+01 6.60504576e-02
6.07832313e+01 6.55938719e-02
6.10640754e+01 6.51416132e-02
6.13462172e+01 6.46936395e-02
6.16296626e+01 6.42499091e-02
6.19144176e+01 6.38103805e-02
6.22004883e+01 6.33750127e-02
6.24878807e+01 6.29437648e-02
6.27766011e+01 6.25165966e-02
6.30666554e+01 6.20934678e-02
6.33580499e+01 6.16743388e-02
6.36507908e+01 6.12591701e-02
6.39448843e+01 6.08479225e-02
6.42403366e+01 6.04405574e-02
6.45371540e+01 6.00370363e-02
6.48353429e+01 5.96373211e-02
6.51349095e+01 5.92413739e-02
6.54358602e+01 5.88491574e-02
6.57382014e+01 5.84606345e-02
6.60419396e+01 5.80757683e-02
6.63470812e+01 5.76945223e-02
6.66536327e+01 5.73168604e-02
6.69616005e+01 5.69427468e-02
6.72709914e+01 5.65721460e-02
6.75818117e+01 5.62050228e-02
6.78940681e+01 5.58413423e-02
6.82077673e+01 5.54810700e-02
6.85229160e+01 5.51241717e-02
6.88395207e+01 5.47706135e-02
6.91575883e+01 5.44203617e-02
6.94771255e+01 5.40733831e-02
6.97981391e+01 5.37296448e-02
7.01206359e+01 5.33891140e-02
7.04446228e+01 5.30517584e-02
7.07701066e+01 5.27175460e-02
7.10970943e+01 5.23864450e-02
7.14255929e+01 5.20584241e-02
7.17556092e+01 5.17334520e-02
7.20871503e+01 5.14114979e-02
7.24202233e+01 5.10925314e-02
7.27548353e+01 5.07765221e-02
7.30909933e+01 5.04634401e-02
7.34287045e+01 5.01532558e-02
7.37679760e+01 4.98459398e-02
7.41088152e+01 4.95414630e-02
7.44512291e+01 4.92397967e-02
7.47952252e+01 4.89409124e-02
7.51408106e+01 4.86447817e-02
7.54879928e+01 4.83513769e-02
7.58367791e+01 4.80606701e-02
7.61871770e+01 4.77726342e-02
7.65391939e+01 4.74872418e-02
7.68928372e+01 4.72044663e-02
7.72481145e+01 4.69242809e-02
7.76050334e+01 4.66466596e-02
7.79636013e+01 4.63715761e-02
7.83238260e+01 4.60990047e-02
7.86857151e+01 4.58289200e-02
7.90492762e+01 4.55612967e-02
7.94145172e+01 4.52961097e-02
7.97814457e+01 4.50333344e-02
8.01500696e+01 4.47729463e-02
8.05203967e+01 4.45149212e-02
8.08924349e+01 4.42592350e-02
8.12661920e+01 4.40058640e-02
8.16416760e+01 4.37547848e-02
8.20188950e+01 4.35059741e-02
8.23978568e+01 4.32594089e-02
8.27785697e+01 4.30150664e-02
8.31610415e+01 4.27729241e-02
8.35452806e+01 4.25329598e-02
8.39312950e+01 4.22951513e-02
8.43190929e+01 4.20594768e-02
8.47086827e+01 4.18259147e-02
8.51000725e+01 4.15944437e-02
8.54932707e+01 4.13650425e-02
8.58882856e+01 4.11376903e-02
8.62851257e+01 4.09123663e-02
8.66837993e+01 4.06890500e-02
8.70843150e+01 4.04677212e-02
8.74866812e+01 4.02483598e-02
8.78909065e+01 4.00309459e-02
8.82969996e+01 3.98154600e-02
8.87049689e+01 3.96018824e-02
8.91148232e+01 3.93901941e-02
8.95265713e+01 3.91803760e-02
8.99402217e+01 3.89724093e-02
9.03557835e+01 3.87662753e-02
9.07732653e+01 3.85619556e-02
9.11926760e+01 3.83594320e-02
9.16140246e+01 3.81586864e-02
9.20373200e+01 3.79597010e-02
9.24625712e+01 3.77624581e-02
9.28897872e+01 3.75669403e-02
9.33189772e+01 3.73731303e-02
9.37501502e+01 3.71810109e-02
9.41833153e+01 3.69905653e-02
9.46184819e+01 3.68017767e-02
9.50556592e+01 3.66146285e-02
9.54948564e+01 3.64291045e-02
9.59360829e+01 3.62451883e-02
9.63793480e+01 3.60628639e-02
9.68246612e+01 3.58821155e-02
9.72720319e+01 3.57029273e-02
9.77214697e+01 3.55252840e-02
9.81729841e+01 3.53491700e-02
9.86265846e+01 3.51745702e-02
9.90822810e+01 3.50014696e-02
9.95400829e+01 3.48298533e-02
1.00000000e+02 3.46597065e-02
